[318,3.5161147272549704,0.6508138682693243,22,10,919,196583]
[942,114.55032117488791,0.5132374737877399,4,101,621,211388]
[259,177.19956901866334,3.1675027415622026,20,78,557,364220]
[249,177.13433660175141,4.589383273851126,10,119,173,61642]
[369,196.55955847295485,4.035521065816283,15,123,923,88994]
[426,157.39000098095408,2.2510389564558864,27,137,725,192287]
[428,69.27243122116549,1.6893445677123964,22,74,441,306301]
[966,101.01318050161603,1.3962959975469857,27,114,870,269770]
[16,112.64934998301995,1.4156087837181985,25,19,646,215577]
[476,9.456509497849083,3.767431731102988,20,91,131,50955]
[489,54.77683580817415,2.9588316695299,6,157,384,245690]
[535,51.991569849223644,4.230513360816985,21,16,854,388648]
[953,108.76801782385962,1.8130882421974093,23,29,664,44979]
[995,137.52636768134937,4.0250169625505805,3,122,141,209514]
[102,216.31583034448377,4.327398607274517,17,192,135,306669]
[640,170.7863216752387,1.4849700382910669,7,132,925,239454]
[665,157.22695547821726,0.5968469963409007,23,4,714,21727]
[142,98.79501737862087,4.705593872349709,23,59,67,246025]
[392,202.45334845242013,1.3619673904031515,17,23,89,41036]
[700,20.13345124753779,1.2139461073093116,25,193,634,397991]
[990,31.304811042130357,0.19553711637854576,19,75,585,68746]
[857,69.64443101269961,3.051024579908699,5,128,997,274585]
[554,116.3533591339088,3.4412456082645804,25,179,654,75719]
[321,48.412796205408604,1.869150319835171,1,156,231,232703]
[769,90.75360896115345,2.852268861606717,28,100,284,123040]
[671,137.57810351495615,1.7064751603174955,23,37,52,257481]
[494,222.8540046537418,2.25918996729888,3,2,948,203844]
[395,181.2445277173403,0.11237704893574119,5,49,738,379956]
[688,176.25153088171777,1.6263610101304948,12,130,863,224188]
[654,39.22094558288958,2.970528823789209,16,25,135,158025]
[885,73.57647931745,1.5312513790559024,14,81,90,107900]
[521,222.96930351787475,0.31017225701361895,11,54,505,232215]
[169,130.43160129268267,4.22638711403124,16,132,19,385078]
[648,3.0718271618293373,0.4924777802079916,21,122,928,10055]
[50,25.895675870177463,1.9285566243343055,19,189,215,123738]
[149,119.0923476620855,2.2650269651785493,23,102,648,274550]
[458,145.33176649559502,1.6110162786208093,25,70,976,218516]
[770,120.42814021912872,3.4392617573030293,13,158,706,100246]
[130,147.97173161394906,4.524307042593136,7,98,672,16186]
[687,155.74243022419682,1.9847756472881883,3,59,543,315246]
[346,104.16080809195155,0.3767299326136708,2,163,446,161450]
[217,123.24340082604489,0.7336287805810571,4,153,611,121083]
[81,121.02768377584117,4.960566031513736,3,44,975,289030]
[928,7.068002915785454,4.3439971213229,25,35,180,333168]
[982,2.3978565018579543,1.668252742383629,16,65,391,145822]
[471,156.94876976852356,1.6290386428590864,1,102,192,240494]
[124,176.25416847018738,4.810671275481582,24,28,517,114928]
[536,56.31288431695703,1.2603150913491845,3,178,175,165632]
[782,9.169388238979568,4.567753814626485,17,111,385,102682]
[456,57.580814953170346,2.5814138422720134,13,96,867,176145]
[860,163.99973686093057,0.3229170339182019,11,25,526,230044]
[340,119.23257437249308,1.6449438815470785,7,120,204,224735]
[827,43.17907965511873,3.4643264568876475,7,182,518,61694]
[823,97.0235965949461,2.8760310541838408,7,55,186,396027]
[3,67.92915845751945,1.4810190571006387,14,54,893,227725]
[857,115.1522152637727,4.797586876666173,7,77,42,5959]
[302,183.08056540018273,2.1680033986922354,22,105,603,349642]
[675,168.5330935092886,2.8043411613907665,17,44,593,64382]
[692,75.53033274516189,1.8748706206679344,18,136,698,85503]
[770,114.29579913500467,2.43478778982535,19,108,14,135305]
[652,174.58457252315958,3.392049790127203,28,183,326,281191]
[545,37.9818708959015,1.4876094087958336,16,194,378,301772]
[552,97.5558169004611,2.2435991722159088,20,60,751,153767]
[512,145.74464938373728,1.0260977980215102,7,190,2,86178]
[30,4.951844102917929,3.8023520028218627,10,170,842,281864]
[458,118.34649483523859,2.161678384291008,17,124,355,168899]
[388,114.90348539374918,2.1005815104581416,24,200,997,390657]
[655,145.26034129423613,3.925536657916382,16,20,710,220808]
[920,163.29686013156137,4.938406163128093,15,40,783,219129]
[331,175.19868809208094,0.5999071465339512,16,64,205,293486]
[392,27.75264123779848,3.3547915960662067,25,134,659,177119]
[60,160.01957578364625,1.0596742550842464,22,94,534,327219]
[649,143.86773154152877,4.911603023065254,22,190,77,211214]
[602,12.246564285259787,2.556554591283202,27,182,651,252390]
[503,18.996309276120247,2.3200119694229215,3,12,478,339458]
[446,193.2699111443857,3.899803003296256,16,58,599,342847]
[896,126.66261790277966,4.692877475172281,26,190,12,99846]
[187,162.93224511984567,1.3631818571593612,10,7,942,63909]
[658,119.78801751113919,0.7264646200928837,18,43,656,213057]
[867,148.0506209782277,4.689650986110792,23,150,269,358937]
[220,36.97724499728872,4.706291422480717,14,17,520,38079]
[226,131.64509182663562,3.5091546387411654,18,172,921,182258]
[736,95.32644767719975,0.3802510641980916,12,129,407,349325]
[301,34.97353456128936,3.9022546855267137,19,147,387,121007]
[274,124.63382814981294,0.4006343812216073,1,14,776,136843]
[463,91.75101027103204,2.769339029910043,13,36,298,218934]
[68,35.77263453276241,4.0725655981805176,10,128,323,39911]
[808,110.23062743692539,1.2240180966909975,25,184,329,126179]
[201,208.9568066118434,1.1990939313545823,6,163,568,375986]
[621,212.84748886398,3.6058225540909916,8,70,388,311200]
[546,156.58754531311894,3.8593952357769012,29,140,975,179855]
[202,224.46226838369464,0.559065171983093,4,15,908,87259]
[917,185.68990101544856,3.2448254991322756,12,100,967,382540]
[490,0.02326313236403919,3.6197254178114235,22,25,424,148699]
[99,146.9408873612676,0.2801911346614361,20,182,842,321720]
[27,89.42283644762219,2.5532147008925676,9,63,980,218964]
[823,34.08739515918046,2.7907213696744293,2,127,553,208088]
[917,170.41703946450357,1.9618357624858618,15,120,831,74253]
[955,158.14486546279764,3.770169644849375,28,122,352,277666]
[339,200.4983924867613,0.5886306299362332,12,139,512,288667]
[396,13.980572797077082,1.9096898648422211,2,67,238,47524]
[42,90.49273091996515,1.3851283956319094,8,121,106,383213]
[730,54.973456587540994,4.898534050444141,14,88,273,40474]
[249,143.44106243681824,2.2673330432735384,27,54,12,111350]
[458,14.596014584181939,2.7384759194683284,24,135,154,28624]
[730,190.6748094820371,1.9764733803458512,17,56,326,349889]
[620,165.96956002793985,0.038650851929560304,5,179,48,90545]
[607,59.51121977194726,2.9866458277683705,3,179,253,388515]
[95,173.19391519467055,1.7603474168572575,26,118,11,259273]
[506,130.18534687799084,0.5321834585629404,13,140,448,185994]
[918,70.91465193167686,1.146573800360784,21,188,892,326455]
[847,143.02730524213428,0.05998753244057298,12,159,977,308057]
[174,142.63816732892437,3.12352814944461,18,180,611,104561]
[335,7.467568100657254,2.2385762829799205,28,198,145,361486]
[736,15.068107017830009,0.11782318586483598,17,55,978,393401]
[192,22.45244355226608,1.1404366267379373,8,63,484,127359]
[592,98.97643480477257,4.188413145020604,24,44,322,6007]
[839,77.2624790894829,0.14658794389106333,8,58,698,215511]
[658,223.7178004228513,3.747381193097681,25,118,964,45618]
[198,154.2810345108821,0.27256108121946454,6,156,314,320616]
[708,26.171137008820175,3.328636576188728,16,118,624,212474]
[169,91.44520012409616,0.2410788950510323,13,135,540,97447]
[618,123.25983867612324,0.8710485976189375,28,123,937,390502]
[339,12.726837913648868,2.3559670650865883,14,197,275,286674]
[774,53.46783954663677,4.7342280589509755,19,52,967,74905]
[545,103.9372117482631,2.5738688150886446,12,77,263,168001]
[272,134.51313908417205,1.3106718729250133,18,86,705,150820]
[404,129.96328558887723,3.6453681346029043,13,180,223,72763]
[166,1.4139409107609113,0.609736240003258,22,54,377,180127]
[961,14.745419520335032,0.30887046828866005,15,107,207,345886]
[742,144.86736005496113,2.7911732450593263,1,114,214,158949]
[375,142.2836865745773,1.8798424198757857,12,173,635,150561]
[32,193.8874811037909,3.5197681095451117,22,48,121,35917]
[247,25.742585703317346,2.3007783945649862,21,108,507,193159]
[817,92.35646222095197,1.1987993004731834,13,1,39,10956]
[146,40.96605766805051,4.385357527062297,1,52,127,10598]
[689,94.85132156851057,2.641746550798416,6,198,720,27111]
[692,130.86931928423905,3.9575118687935174,18,62,584,181300]
[41,227.31953529917683,3.2889615115709603,3,41,306,81504]
[663,71.0074688996126,0.40303573245182633,18,84,205,219080]
[657,58.24778880058003,1.5241510118357837,2,184,902,64537]
[844,82.70024422527622,2.3829957062844187,21,198,315,254457]
[702,96.133442796998,3.6177210125606507,15,138,535,51395]
[421,147.21287967635772,2.8068914683535695,26,16,531,118364]
[214,92.89872460276887,2.725707325153053,24,103,493,7266]
[138,50.286771747182065,2.3056346620433033,15,24,841,117991]
[629,110.98373540902703,3.6668252025265247,25,156,827,218641]
[601,18.686166736430206,4.028707508696243,4,100,701,131407]
[253,81.65421526151152,0.818879910511896,9,102,122,290195]
[59,53.23147748308533,4.8574440204538405,29,33,960,284029]
[882,56.382300965636816,2.667704081395641,11,185,894,289445]
[273,77.30522213514222,4.48022517724894,22,150,724,22874]
[368,127.75480294321555,0.29246347723528743,1,174,348,206412]
[643,137.89972632081896,3.911805907264352,7,8,588,157973]
[862,60.00028214478412,1.5965257282368839,1,129,289,18099]
[486,154.94979819180742,1.43359811976552,16,88,374,75047]
[42,13.236476946487167,0.8240263944026083,27,109,325,330975]
[171,127.32979257572318,4.2208415968343616,2,78,537,156369]
[764,68.13541928829068,0.5127654492389411,10,86,883,145492]
[660,208.27154129936017,4.542080275714397,7,85,11,282572]
[63,49.77471367853276,0.30106685939244926,21,94,561,15712]
[388,11.878739012853666,2.7064681227784604,11,27,488,110964]
[501,203.4112976716113,3.3512715180404484,10,14,33,305349]
[724,176.45726589031264,1.033091600984335,1,106,880,231961]
[229,150.20777142237753,3.359928843565285,14,112,41,370148]
[13,120.49304115671939,4.040739694610238,1,62,777,223645]
[387,177.33738977150912,1.150544307893142,13,79,431,231114]
[671,118.7836702340289,3.6050622316543013,26,168,947,29352]
[972,150.27279803669882,2.0520456379745156,6,6,71,14018]
[717,144.76153123054974,2.8230290953069925,10,7,228,391289]
[525,126.06838728796112,1.3589672674424946,25,35,677,243961]
[395,213.1304976288275,0.38544975221157074,26,88,600,159187]
[621,89.31329304929545,2.119703454663977,20,200,516,351620]
[496,76.02070481743054,2.7184749708976597,5,8,701,373820]
[739,99.25882880066325,2.119197426363826,21,99,871,126623]
[139,158.47316809117757,0.04543269984424114,27,178,612,107119]
[933,33.82660768254976,4.546926750335842,26,31,997,270208]
[630,64.15737503474877,0.6878732645418495,25,188,352,21554]
[578,149.04972390029693,2.866151831112802,28,68,119,149195]
[322,70.58404563996378,4.336726404726505,1,158,717,313025]
[210,25.511519410665766,1.024911052081734,3,116,294,255709]
[420,48.100631347406704,1.8295580660924315,2,180,539,183235]
[98,80.64008288924501,0.3501484543085098,18,65,556,376313]
[316,132.46574170108798,1.6448915586806834,24,1,741,35669]
[798,42.07461974456681,4.516749255126342,1,142,181,211545]
[216,44.20816228320078,4.816922446480021,15,21,466,392172]
[324,228.49954997204932,4.795916606672108,29,169,570,157186]
[540,56.40422982412173,3.0521300935652107,14,168,220,340714]
[925,26.469663552958014,1.5562557778321207,25,127,683,245230]
[602,67.30705668217638,3.0544916389044374,5,95,290,368783]
[749,13.994527509194707,1.6672286414541304,14,18,407,243595]
[538,55.540268467364704,3.8920004572719336,10,23,390,307539]
[859,91.04921175721208,2.4889623967465013,2,15,755,139059]
[870,149.13906591937595,0.2936081530060619,7,116,325,288143]
[137,164.2538835341899,0.6176257191691548,27,1,508,366534]
[519,202.08856301227132,3.811303701950237,6,15,96,258540]
[548,41.62658071481926,0.41001534787938,3,165,535,274407]
[286,43.87099198914814,2.1756079385522753,4,134,849,252123]
[70,62.82498034659769,2.000680632190779,22,7,607,344517]
[687,28.233573555905423,2.9321205045562238,2,69,869,46694]
[152,94.37027366004386,1.8661027727648616,21,76,942,391508]
[82,135.96293000674055,2.468782006762922,2,170,247,281475]
[800,159.70125423373688,2.0754719560500234,28,140,54,133742]
[424,2.753942312907578,2.0712092134635895,17,67,11,284164]
[356,149.9503441760068,4.76518425042741,6,70,729,342481]
[494,160.0710542463631,2.9916892293840647,1,159,416,123703]
[562,129.6813930690165,2.0247225172352046,14,167,801,42565]
[560,68.90726246363721,3.298782128840685,27,13,127,184406]
[498,171.5894902904304,2.7336849027778953,9,133,200,163770]
[851,62.71276747553567,4.127628856804222,23,197,147,295872]
[486,10.725177117566561,4.621977930655703,1,108,875,108374]
[521,69.06120207435751,3.380448679672554,20,118,646,108864]
[378,207.78780573873266,1.982733648037538,26,119,401,366790]
[800,147.92720844163813,3.4713071130681783,10,50,202,108612]
[682,201.70989559108014,4.620214543538168,3,2,636,1546]
[55,86.33975833144079,4.77553223608993,15,98,355,37104]
[789,119.29387482929809,0.24972796207293868,8,49,51,50738]
[382,211.3101919639572,3.101868655066937,28,16,820,70358]
[136,114.44932254664494,0.5829019017983228,6,171,438,263902]
[987,163.54053082896385,2.232031802413985,1,160,687,5857]
[569,58.844533768875294,4.567237955052406,4,126,638,241061]
[348,49.28119153349071,4.083216157741845,7,104,774,214554]
[690,36.176730199627535,4.285802841186523,14,35,927,47988]
[18,98.73142901678027,2.1284521906636655,2,106,69,362124]
[203,146.87276221651112,0.9325014101341367,26,179,348,213764]
[710,201.6053684367025,4.432643698528409,10,78,983,94988]
[907,109.64567124086584,3.238227739930153,26,129,464,16634]
[164,20.261027032873617,3.756862023146823,20,185,605,61054]
[932,157.3724233856945,4.070869956631213,10,190,201,237971]
[486,156.89926139268155,4.497808839660138,29,142,891,341438]
[376,164.57555960467377,4.984531853115186,17,2,232,158480]
[514,7.445200268194904,4.934727426152676,13,91,103,289640]
[171,233.780649724419,2.9830829426646233,16,70,935,209532]
[560,192.6003469698954,0.870063261827454,24,101,72,75410]
[435,55.83460475447727,4.939307372551411,7,37,706,370682]
[946,66.00473225353984,4.3598552502226084,13,56,50,90762]
[405,103.87259831902304,1.5912110265344381,9,8,336,123675]
[293,120.15881694088374,4.660237996140495,24,49,248,15559]
[952,56.17970839141902,2.005469499854371,14,178,594,285184]
[497,173.01615176132498,4.686250333907083,14,87,822,308548]
[497,152.3559487049255,3.8029984245076776,6,132,333,391041]
[234,7.624146203711975,3.0435884674079716,10,79,944,69495]
[980,187.90005976189312,4.147238507866859,2,46,18,227748]
[984,65.45926589476578,4.188813770888373,4,92,597,361954]
[612,70.38612452633491,1.5647904900833964,21,139,254,100695]
[755,0.6648380733239648,1.6844855609815568,15,198,556,236201]
[899,49.7772759968256,3.449349756119773,27,96,572,365157]
[930,127.49110705134628,0.6070124090183526,12,190,100,223231]
[518,115.41112770059016,2.1228600770700723,18,87,520,162445]
[679,218.29015906072095,0.5673149705398828,27,106,892,281557]
[407,186.08211077719574,1.6006710147485137,22,109,898,3051]
[298,111.54656151040298,4.749741966370493,2,133,911,220380]
[11,179.26047166674005,1.9370347901713103,20,169,361,105684]
[872,111.84391605176478,2.3894724308047444,27,57,616,168948]
[143,54.84421407546152,3.9166191313415766,8,173,448,322341]
[303,152.11570812557702,0.19632602110505104,11,84,147,306664]
[777,46.30901381553759,1.1734404554590583,4,97,770,288875]
[351,139.57933199156983,1.214005989022553,4,52,871,118661]
[707,37.25598662674946,1.8499281688127667,7,132,104,369260]
[485,137.05681714704522,0.17904729233123362,20,153,210,54812]
[484,149.60885730967036,0.324345245026052,10,85,665,72136]
[726,179.53264852752426,1.0213130910415202,16,1,149,175949]
[751,142.8469118282473,4.104427190031856,12,90,814,68000]
[229,23.099294029486224,2.693499883171171,3,186,960,349150]
[207,31.308920911076612,1.065042435657233,29,141,26,222628]
[415,123.51167719990661,3.8929168798495084,9,4,334,261829]
[329,34.86183279599451,2.4840131355449557,10,142,599,385645]
[953,109.82398048756919,3.851329059107229,29,122,603,171361]
[249,109.57794823857914,3.083653587382287,16,87,26,289653]
[424,22.359254473406143,4.5487893326207995,28,36,854,144634]
[78,4.164976524524353,0.13136396650224924,27,183,470,112291]
[206,5.3766123661867296,0.794243321288377,18,37,541,335555]
[115,225.70281007945877,4.986242823069915,19,177,999,311028]
[371,203.10987133585377,0.8916059089824557,29,121,230,246667]
[352,129.52537381398977,3.7572215439286083,15,129,684,159984]
[226,152.45479741766604,1.3601479842327535,7,199,522,33629]
[43,24.113757838999746,0.5041855247691274,17,49,415,175222]
[226,98.78467672373263,1.0569416685029864,11,160,654,319022]
[53,110.77579386709036,3.42025805846788,10,144,61,274137]
[470,41.56075102136483,1.5054459008388221,11,35,400,240777]
[679,132.78243992703048,3.2481458876281977,16,181,44,354208]
[716,161.2626808105918,3.395690709585324,20,11,235,196660]
[377,183.62293087127384,4.593535677995533,1,102,854,7425]
[586,182.43957528988352,3.0254051135852933,18,183,24,333333]
[623,141.32776017109404,1.0410091106314212,3,148,804,215890]
[718,151.2854608960953,4.4950340944342315,27,93,882,107004]
[1000,91.36203815227233,2.2393288637977093,28,13,693,220161]
[775,106.04854672326051,4.133125444641337,27,94,545,227740]
[361,163.56781092544873,4.792505888035521,24,124,829,359419]
[253,10.649634327139681,3.377280323766172,7,103,924,90062]
[503,99.4941932644412,3.918158025480807,3,35,927,325155]
[447,20.70045506912732,1.2539341137744486,10,123,88,41771]
[37,128.12443457622354,4.232423990033567,15,79,803,363794]
[345,38.81245185408286,3.3356293838005513,18,165,247,912]
[83,26.24158331443411,1.4329721010290086,3,46,433,356114]
[346,62.91496688838186,3.1970815325621516,6,71,808,367627]
[519,58.510157804953685,4.148562521440908,29,158,451,199407]
[564,92.22526462088152,4.631383984815329,18,96,125,22692]
[988,102.27696032408572,4.735345448134467,11,123,743,131126]
[920,84.23687731461035,4.1083751153200865,2,167,607,377106]
[137,102.81967010353256,4.978455739328638,27,189,155,304869]
[55,136.52965375442867,4.925802735378966,2,14,384,217728]
[691,177.48148481770352,3.1019521749112755,17,19,15,103065]
[8,128.84590592026385,0.8917221520096064,14,28,342,260118]
[583,111.74478076960656,4.555777817731723,15,102,694,104047]
[704,38.048873835576025,3.9268717577215284,23,76,498,214625]
[121,21.804074331721306,2.3264595959335566,3,187,529,120076]
[385,84.36685813047133,0.8891160727944225,3,17,963,105181]
[592,109.76546493316918,3.625547937117517,11,177,526,393201]
[33,67.11852095046513,3.6771947925444692,3,146,598,141208]
[164,173.97471925388683,4.560380899347365,22,40,169,297393]
[762,57.34836633756717,2.67355656134896,23,126,647,254870]
[696,66.09577197489628,2.429198988247663,24,45,697,69747]
[418,116.0778548764399,0.4909769771620631,7,167,365,145960]
[523,24.259116785943718,4.078299147076905,4,169,633,280551]
[668,89.93836773898161,2.1844281489029527,10,130,387,90097]
[488,145.02442273909202,0.2674807363655418,7,102,635,249965]
[653,31.02235427709187,0.29363751178607345,15,111,258,380108]
[701,131.385861332914,2.0199779816903174,20,122,411,189301]
[864,121.3157710312476,0.6908091495279223,13,123,176,210990]
[203,91.10152942193031,0.33995001344010234,19,75,815,38071]
[869,142.76247631960288,1.654756577918306,23,128,340,280979]
[254,138.84936560147344,4.130782819120213,6,198,915,355305]
[667,93.57202012796273,1.052777802105993,25,128,205,20059]
[506,49.797894158602666,3.0841100413817912,18,132,678,147677]
[259,13.731321952347624,1.8822838191408664,13,133,737,188688]
[151,31.286099112719498,0.1975399604998529,26,172,176,152905]
[709,90.21349627373625,0.44235379667952657,2,76,758,56173]
[693,107.74347475049173,3.421024524141103,14,200,85,257639]
[929,212.8615550205695,4.740462442860007,16,184,350,357131]
[253,120.48039591319477,3.5961530066560954,15,77,323,98101]
[539,155.43181479284365,2.689158305292949,11,143,591,376161]
[637,68.69369642428424,3.251485483488068,29,122,466,269743]
[795,101.3581029748626,4.624077007174492,9,114,681,126505]
[8,103.49718758384964,0.9770945331547409,4,70,751,219696]
[555,17.23017214392006,4.461203872924671,27,150,714,201474]
[824,176.72315404960085,1.0291339887771755,27,19,791,41938]
[132,170.94525035617608,3.672940160613507,22,141,843,150700]
[967,133.37518243195595,3.9213808334898204,2,60,103,51702]
[564,30.683446313650887,1.9006654934491962,10,38,211,467]
[28,25.367921679386086,3.9811511838342994,28,31,377,379239]
[684,14.818034327620724,1.0513461020309478,24,181,660,399626]
[339,212.66718695373325,0.18764058011583984,25,114,393,149449]
[409,185.163939419157,3.2754211931023747,18,102,148,349704]
[781,109.52780873276944,4.051223990973085,6,109,241,33954]
[86,149.04815722452162,2.853089513955638,4,151,227,253191]
[716,49.75729317103691,1.5805402712430805,17,137,613,278798]
[430,220.04914332405957,2.172633226728067,5,98,458,375679]
[609,33.316572368446,1.962004080414772,26,94,356,97837]
[170,112.19238682595078,2.887139393715188,4,4,962,182965]
[705,51.7314438836713,2.2669255104847252,14,115,554,292556]
[583,80.52692102732223,2.7477841824293137,15,141,26,292454]
[545,124.90651817535064,2.5009192433208227,1,129,678,109038]
[432,117.95311304691299,4.79031071299687,7,172,586,241462]
[678,68.20974624202171,0.40224958560429513,10,10,103,280043]
[374,139.7638237345004,0.7022947235964239,25,151,167,198306]
[532,77.8197830048718,1.3448437280021608,10,23,25,154775]
[133,2.0024421799636056,3.183803806314245,19,141,149,166676]
[559,155.8211860123872,1.0423214989714324,2,141,964,260833]
[111,136.35037435671893,4.345500092022121,13,122,100,327092]
[739,12.103355997250226,3.202155017061159,26,14,755,72084]
[656,141.9591431599797,0.14141273102723062,2,83,92,366734]
[460,35.5554949454054,0.3123062558006495,5,20,838,101082]
[441,127.44844062923185,2.700974728213623,2,10,210,364172]
[254,67.97051751470026,0.5809120344929397,27,182,391,372449]
[801,98.04154620034552,0.8519578841514885,2,64,365,270247]
[797,164.7279436079774,0.29022053349763155,29,76,936,91815]
[686,34.625739090724146,2.8885380388237536,29,181,416,331763]
[801,169.8590889167022,1.0255277901887894,25,22,717,97204]
[730,22.80336216752736,0.10898458189330995,8,126,172,278212]
[211,95.51234170682316,4.182190201245248,15,113,837,128894]
[803,125.08140702108251,1.605283769313246,28,96,607,293349]
[304,25.997249320106683,1.1222795047797263,13,97,884,398926]
[73,170.85603338493817,0.006913470569998026,20,188,913,105453]
[576,126.56943312840811,4.76236064103432,22,69,218,3503]
[697,65.9083909973468,2.593906621914357,25,163,746,307044]
[877,68.46737812151669,4.755461048334837,21,133,67,319402]
[314,125.88426868054732,0.9554192598443478,4,173,422,147108]
[330,52.76251271849793,2.8163748094812036,16,6,270,383885]
[333,164.14743565282976,1.8048993381671607,25,11,487,69365]
[641,167.4595739105347,3.978172136703506,11,113,35,159292]
[269,138.48355400888937,4.546805345453322,6,158,494,220526]
[314,101.59064740061076,0.3069528378546238,22,69,805,93512]
[393,5.4723681364508705,2.4715594376903027,8,7,995,371696]
[273,99.94062459908967,2.2598176694009453,16,165,988,314784]
[472,52.04209942171055,1.2780419376213104,12,171,692,274]
[522,0.6118137662192329,1.2881251994986087,18,151,392,105339]
[836,121.10789981389405,3.9976778847631067,18,64,544,298755]
[442,46.87337141961091,0.5962109053507447,13,55,720,78828]
[420,5.606166888956356,0.2407868136651814,28,4,729,175911]
[603,92.49084212375719,2.111960290931165,3,19,298,326778]
[594,113.62040863645754,4.467361748684198,6,119,313,54716]
[178,65.68810701700211,4.329541112529114,2,102,117,40099]
[237,181.7849509851667,2.0411549822892994,1,28,958,250165]
[486,38.752379640338624,3.3411743969190866,22,96,919,354742]
[800,114.14546216212501,2.967143936548382,4,5,757,281647]
[227,105.78550646319167,0.8632651739753783,4,74,30,114762]
[910,19.361722594005812,4.789481037296355,3,180,127,320984]
[800,168.23253152643247,4.232665704330429,2,191,326,318067]
[129,177.94686504613225,0.8563835453242064,9,182,213,372568]
[946,138.07843100056695,2.6950660010334104,21,199,700,392777]
[582,81.6312194739453,1.6259296867065132,21,80,199,309251]
[536,163.01942193867552,3.1364970363210887,5,174,923,35811]
[166,21.96316052303987,2.3765301145613194,21,133,181,120702]
[837,148.23093582688603,1.4189151849132031,17,4,463,257507]
[728,74.3187465890685,2.4766975978855044,23,79,442,37458]
[643,59.18587784641154,4.571756285149604,16,147,817,395216]
[869,6.599985725907109,3.625008463859558,17,184,438,135365]
[978,44.816837983370725,0.8600610564462841,14,31,98,380669]
[656,52.95836444901016,1.4228956552688032,14,167,494,380570]
[412,105.1175953235726,0.78984156367369,9,19,185,301759]
[955,183.92403697484895,2.2421461867634207,27,41,161,385962]
[315,36.739573452066416,2.9980808845721185,13,56,624,355170]
[693,28.228461013283834,3.7069802382029593,21,195,915,310939]
[891,154.16744589949656,0.11656183865852654,19,122,9,146186]
[562,30.692676059919528,3.150739084230736,19,26,79,229540]
[64,90.59247006667854,4.84093226143159,19,174,497,120709]
[654,83.04489407924041,2.030097630340606,23,147,999,134200]
[347,78.8271512309207,0.33382591558620334,1,60,990,269645]
[561,77.07585690097659,4.551830133423209,11,122,537,181685]
[770,11.741776936405367,0.35494071897119284,24,113,959,307501]
[243,131.66026364521568,0.5019921506755054,1,184,198,253106]
[714,5.972278672064369,0.5429094342980534,7,182,985,44204]
[824,45.33715818658083,2.8250123315956444,8,45,921,75237]
[100,110.84317986836,0.7706854271236807,7,128,49,256855]
[562,59.76904474048457,4.501699197571725,17,25,293,375318]
[979,109.98788570093247,2.9702054348308593,25,67,744,6976]
[561,85.85748489284288,4.85192806343548,23,133,413,255302]
[175,186.43130820442465,2.683313137385994,8,78,630,233995]
[15,23.85062472996996,1.018355458509177,7,78,492,267067]
[813,63.751660592867374,3.748920935904607,6,199,324,5187]
[807,176.1531957112568,2.949442535173148,23,9,246,230250]
[373,47.412649184491265,3.1558320799376816,3,30,243,170924]
[425,72.53497471122726,0.1808427437208593,17,56,704,225626]
[447,11.582264359138353,3.575059777358547,8,129,779,358002]
[637,166.0384962827791,3.4628754877485335,20,68,243,181094]
[166,56.849204995273695,3.1744903651997447,21,190,529,115454]
[333,71.48470304146059,2.4659326195251197,3,121,253,161750]
[376,40.43670642172343,1.1813395179342479,18,72,31,207711]
[49,2.888963722631358,4.9056897044647485,8,75,935,83327]
[917,78.09571086708118,3.563879185821861,9,88,642,85016]
[392,86.15426157602784,1.4667526190169156,18,90,387,93615]
[509,171.5235894560439,2.737647619796917,25,187,329,203280]
[665,31.33644831330729,3.711238329997286,18,160,33,383789]
[128,108.65951591858486,1.9470582390204072,26,119,406,177423]
[926,145.74901031336125,4.35686374665238,4,174,769,126288]
[823,63.234447081437324,0.6850325886625797,24,91,389,358540]
[333,117.90529490191129,3.7423884018789977,11,21,359,37294]
[150,42.41332469160171,4.577706435229629,12,190,967,249781]
[388,106.77180961455349,4.974277779692784,16,97,496,348746]
[436,149.50476504068516,0.5985284014604986,25,138,243,287361]
[906,160.1959997822224,1.1171781353186816,16,84,148,172385]
[645,43.88383761080812,2.6747269183397293,22,165,339,78843]
[304,120.04176672988572,2.0106710819527507,17,161,928,352396]
[383,0.686858931986684,1.398588779848069,9,122,99,303555]
[991,126.50295910656969,1.1050009925384074,1,77,745,340748]
[1,81.76545081415681,3.784079506294802,26,71,149,226922]
[563,132.5246206833531,1.6716316994279623,9,136,807,229802]
[319,220.40542518099141,4.7495248599443585,24,154,8,285020]
[967,170.14239476885513,1.9188071403186768,6,9,291,53515]
[334,151.693842891352,0.5939003312960267,3,83,279,68802]
[655,135.9621700434468,0.5652806779835373,3,110,377,223935]
[188,81.37863402403899,1.3037939695641398,16,49,377,67827]
[937,75.54444677574413,1.9387142348568887,16,149,357,134473]
[970,0.7055733280635682,3.579766828333959,28,116,232,227833]
[510,76.9737557963381,3.8027843949384987,6,158,306,264572]
[678,187.06642425066332,3.8101893418934196,24,28,782,199598]
[402,8.842102639254927,1.0330526321195066,5,161,223,311715]
[747,74.25959744202522,4.299210904864594,19,17,286,228012]
[863,81.68688134201199,0.9655681694857776,17,185,393,267929]
[160,25.96918736061771,0.3440576605498791,7,6,405,371793]
[733,11.115385342203535,4.911852176301181,28,171,890,40769]
[579,80.59050549748423,3.8742778287269175,9,57,803,48927]
[576,99.68772297635228,2.653878789860755,6,141,912,212929]
[673,38.150011618497324,2.5109373312443495,18,16,103,148677]
[621,219.4881414079221,2.08365147234872,9,181,295,295233]
[321,199.20249093763655,4.870266580255702,6,141,3,102478]
[58,116.47510321783658,2.23772450000979,21,189,875,21052]
[54,68.9925410193468,0.8764110633637756,21,71,629,32709]
[134,128.8403126347136,2.8701696742791682,16,187,17,385267]
[652,43.47075646827375,1.3286313554272056,6,185,407,58032]
[492,196.7786967311264,3.8155338435899466,19,43,979,255831]
[964,63.1893002640459,4.564283876679838,9,17,79,354821]
[512,200.22795835202302,1.430383208207786,16,31,274,84848]
[762,2.6134998715998146,2.6360505039338022,2,118,618,396988]
[90,4.286965439636475,2.814553586067632,19,65,381,267437]
[536,70.01167145399403,0.3475220955442637,1,161,154,323594]
[18,15.84733065690411,3.2189836201723665,4,85,432,134305]
[742,16.82950015083375,3.0871297139674425,21,144,665,223207]
[329,204.51779185447185,4.080344628309831,3,134,474,198562]
[969,79.48908734577991,3.31654264125973,8,130,218,73184]
[395,133.62898791083356,0.7539866876322776,20,156,578,244120]
[486,21.353045966188077,2.2300542111042887,14,169,235,362978]
[927,50.816308908003485,3.3793428575154394,20,116,116,233922]
[672,62.59328928064763,3.9132343395613134,13,105,524,395550]
[863,94.94683524194316,1.939596195006743,2,157,600,6587]
[785,17.41250130118289,0.004035145975649357,9,191,219,230745]
[934,180.1233556045937,2.6569068781100214,24,143,325,45503]
[278,193.0433057267953,4.724446765612811,2,162,492,161272]
[608,116.35095344441291,2.6866536040324718,8,107,762,118113]
[60,44.079527925686904,0.384987787110731,29,196,891,51618]
[2,80.68539614360739,1.5445079084020108,4,70,198,315269]
[980,190.84788932840928,4.057996732881293,11,115,208,93812]
[887,143.06155478088147,2.529650835786015,13,160,283,271322]
[815,138.61163414546678,3.787719360552728,1,75,386,344443]
[648,29.671669778299407,0.01090694684535265,29,134,247,354196]
[605,162.4959926656109,3.3718717959709466,2,79,460,242048]
[90,171.14193100571887,2.4303381249774247,9,144,734,290793]
[779,29.103359472806815,3.982669197721407,1,160,485,76032]
[176,42.92954187201262,0.3076564846560359,24,64,93,128795]
[677,199.29697765020896,0.8768675941973925,28,80,76,297835]
[127,162.80268765753212,1.0802839952521026,27,128,405,80725]
[224,82.07267172024659,2.8064642345998436,11,92,783,156621]
[314,152.1752250569792,3.73625413980335,14,24,818,184839]
[841,160.3585400227764,0.3623812715522945,14,113,136,366636]
[902,147.88703345310583,1.9439519185107201,9,39,339,291946]
[617,172.33941164607313,3.2828974560834467,8,149,266,350081]
[954,122.76798012676583,0.9705272561404854,23,31,915,255358]
[605,131.25669688717443,3.887699000770226,26,173,381,259512]
[967,92.0880668478751,3.643890240928158,15,18,791,254178]
[914,129.5441610692956,2.2436860238667578,18,10,256,353324]
[100,84.96304919784492,2.5491187698207796,25,90,11,334888]
[849,21.24796097807645,4.194504393963143,8,138,340,46011]
[741,207.80007560174556,3.2507186091970652,19,27,382,390509]
[186,0.11479810820401339,4.033973487094045,20,53,896,244143]
[687,46.664237402239365,4.261960129952058,26,23,760,143962]
[610,67.12444812466643,0.5997581325937063,21,77,851,277609]
[227,192.24444165711049,2.084519228665158,28,111,396,177909]
[615,192.794727107343,1.8645751872099936,21,197,684,185056]
[998,112.1935553009754,3.078904446447268,21,42,963,165996]
[602,99.66343229533831,3.6647983361035585,15,102,390,45476]
[914,175.23378214154866,0.7728132721967995,11,173,62,384130]
[557,99.305760934615,4.38750229543075,2,148,507,287865]
[105,22.508037533827157,1.5358622174244374,17,111,694,227659]
[770,46.036155080246395,3.9007785182911903,27,83,520,83246]
[30,12.664448596738298,4.304109065560624,27,19,75,287854]
[217,4.100711229944846,1.5761472983285785,25,64,920,329092]
[771,187.0713829217566,3.5152204637415707,6,170,77,355666]
[461,48.67603868332725,2.510626445291564,29,65,913,397582]
[34,197.8073174686033,3.143463977612555,9,180,78,185574]
[19,185.98792958755308,2.3339165549259633,29,24,365,138021]
[999,36.8864196831844,3.8771707483101636,1,150,179,46222]
[231,28.60902477586913,0.21669021109119058,6,174,805,11314]
[631,65.75154264245995,0.025475432630628347,19,195,438,246202]
[701,36.74466988537629,2.7665445010643452,5,26,667,7505]
[71,181.03623629405106,1.8611308024264872,29,29,970,65369]
[893,40.91092346908084,1.5823499381076545,19,200,897,310224]
[812,63.00359056226909,3.212052695453167,5,47,432,56696]
[81,116.59813869366899,2.8225783177185804,3,168,376,260645]
[912,96.2734604837235,2.23324891529046,23,148,855,136936]
[190,73.98099471193919,3.547652184497565,28,168,879,384540]
[194,14.245407063013761,3.289932298939675,13,158,93,205864]
[100,108.43354583220263,0.21199463866651058,20,143,144,164684]
[203,52.56572218234763,4.584259795956314,27,170,922,70425]
[530,167.46892280150746,4.5814458769746125,17,21,831,239069]
[471,2.3409691615853414,1.4299547765403986,24,200,219,9156]
[213,215.2596817436872,2.4985445162747055,28,82,108,233984]
[328,13.162688654120302,0.9382970281876624,20,53,68,40555]
[529,162.51585234533965,3.103052641963586,2,6,51,58190]
[576,131.84274728573757,3.454577459488064,19,108,176,291450]
[121,122.42324602451434,0.09477610467001796,1,24,258,256423]
[862,113.36471606938142,0.6883297010790557,26,200,376,51784]
[289,12.072875424958957,4.403166072443128,8,56,511,309776]
[126,1.7024704333830778,0.3545275947544724,1,145,145,303750]
[27,150.2578505094323,0.47497247578576207,12,138,308,283837]
[448,24.599720906283164,4.0093717142008245,28,26,304,85870]
[959,178.79100977009918,2.338311078492552,13,171,278,348605]
[723,63.64782534141298,4.065243477234617,6,63,86,341438]
[631,1.1294637903556644,0.7119399018120021,15,40,623,212253]
[843,66.87342327559948,2.3450906993821263,23,164,966,370920]
[550,64.28830311025193,4.709776991512626,1,198,734,99770]
[663,17.950474306354877,4.676759397843853,14,36,471,394188]
[128,116.90821062548264,2.704132671933621,8,10,159,325639]
[973,69.89846209370455,3.88978760689497,29,106,752,297281]
[955,70.56797985264251,1.1068731709383428,18,48,840,14888]
[985,57.41931277722831,4.562673697946593,29,198,73,88567]
[320,188.19785267605926,0.6999545765575022,14,200,374,143332]
[135,135.7003530711443,0.8896432770416141,23,160,587,209522]
[376,67.29721397750335,0.617321307072416,20,167,789,326324]
[355,128.8578241387462,0.20693578058853745,3,43,772,88647]
[777,95.69238444582426,4.200461806030944,9,185,677,372924]
[827,44.1644450132528,3.431259182980284,25,39,96,203777]
[439,66.53630524158255,2.0461628725752234,11,172,947,329517]
[235,156.94662570912303,2.419312725542113,28,44,755,115566]
[970,172.4487941358793,2.326543612871319,18,37,997,260276]
[138,48.969261502365214,3.1318477645982057,19,166,275,175232]
[613,81.51002792510556,4.44141766638495,16,107,232,289892]
[663,152.0694751064524,0.2745401381980628,7,1,811,84786]
[954,92.64507869675134,2.9154214542359114,6,155,318,25606]
[660,89.9249575349547,0.15284149907529354,26,10,880,236538]
[527,69.78389622699332,1.091271280311048,6,126,695,80712]
[49,100.36076812113951,2.9073848540429026,6,185,134,320001]
[169,35.27708663372463,1.5409395971801132,1,116,111,183308]
[820,152.65005534348722,2.583171329461038,23,58,902,20507]
[250,148.399172014208,4.45651468471624,2,114,209,236690]
[540,83.87611238292251,3.6911398614756763,6,120,685,333285]
[303,18.461702257084056,1.8708750698715448,8,10,398,122351]
[535,70.48848839499856,4.456845811801031,14,66,234,182799]
[602,131.4873310301636,1.643263860605657,20,141,250,50118]
[332,175.35188414333882,2.1619378204923123,24,170,536,88522]
[486,224.29512931533057,2.0595766010228544,23,138,846,134780]
[913,18.53557474201016,4.294445338891819,26,112,988,215687]
[72,87.4068918778731,2.62548356433399,14,56,321,175302]
[279,183.2197187120842,1.7119511880446225,19,44,157,157937]
[402,135.33624968896993,0.34779085544869304,23,58,636,251256]
[568,54.76063528654622,2.8888902673497796,20,48,378,309773]
[918,184.741822205181,1.32237363839522,14,135,466,381463]
[250,212.97649178580903,2.8609343839343637,20,82,929,290759]
[299,39.555256342311594,3.2743392791599035,19,125,988,243725]
[401,159.306940112536,4.134977497160435,23,72,331,54216]
[922,133.04319429652546,0.7337835419457406,16,180,991,323069]
[673,123.63046591412846,3.107504235813394,2,173,247,86731]
[275,21.96096717026614,1.3535407464951277,1,75,243,123551]
[537,0.8424862817806548,2.7266271016560495,5,138,77,267327]
[149,44.29801100450258,4.02031313511543,17,100,812,116484]
[256,27.477147801567916,2.6891978352796286,10,175,415,325502]
[473,6.545811757528809,2.931459902320057,26,174,853,339837]
[179,32.889636861233,2.5101508933585137,22,42,822,2847]
[117,16.50513276446178,2.766660168999806,21,186,851,249518]
[101,90.14552041864175,4.13589377887547,22,131,191,289175]
[494,2.8997549280999153,3.117108545266092,2,197,375,127525]
[202,126.27519733690296,1.6858434048481286,13,47,580,358862]
[127,87.13374091156423,4.994674333138391,12,45,64,355604]
[411,179.68658712253833,3.200137746753171,15,22,301,63285]
[3,16.75389275020209,2.9144940013065934,25,73,801,31660]
[611,190.97248183785354,0.13629791676066816,19,104,885,261614]
[965,43.51852962343192,3.0923699657432735,13,54,724,53906]
[742,184.25601351834004,2.3314865166321397,2,47,931,62669]
[368,113.52856519781888,2.754802769050002,14,173,128,373273]
[241,134.14503182908362,4.095949252368882,20,139,7,49914]
[589,115.08759135471479,3.3385205699596554,29,92,729,144450]
[71,132.56140600064774,4.428306567715481,18,175,924,147026]
[677,18.73849548464942,1.4796757069416344,17,91,192,252758]
[113,91.53336189773417,0.28790967306122184,6,191,402,113304]
[354,46.1965056845322,0.44070623465813696,27,182,658,92386]
[146,108.96307289174288,1.4354793226812035,18,19,681,335023]
[666,139.37188484109916,4.611410760553554,20,134,308,317575]
[328,60.94605110079081,3.912961441092193,29,101,622,384]
[127,63.97124255733732,0.5763054534327239,18,31,579,216450]
[743,25.215650843695386,0.39031848893500865,26,132,480,90826]
[151,194.820073406641,2.959730114089325,24,163,34,386574]
[432,205.03829128936644,0.9366631077136844,13,101,491,393943]
[752,16.193285184168616,4.6115446905605495,29,140,781,202430]
[341,216.58821396750199,4.694841023301706,10,50,808,49640]
[712,63.84758527811501,2.4224230146501213,18,143,258,374968]
[15,166.64455513770517,4.382012938149273,14,139,801,306525]
[142,31.474349885047356,3.829297680640593,14,25,743,320980]
[572,92.85037702923448,4.288653605617583,23,187,296,60375]
[686,0.4808770802593871,1.7839198338333517,19,105,208,229416]
[666,57.83517913006765,4.61908032069914,2,43,543,290513]
[158,64.07848703424996,4.382721196161583,5,51,227,28614]
[930,96.3337255744759,1.6576706699561328,1,61,252,244240]
[449,104.43812700779807,4.856587368994951,11,26,867,92786]
[518,86.85538382279294,3.2280882308259606,12,170,109,120132]
[562,115.23062971254998,2.2048303636256605,29,33,575,185264]
[492,54.69351099553045,0.989435164956376,29,73,593,81496]
[340,177.42452255521485,1.7476513853762299,23,82,105,163177]
[926,128.13463469114308,1.0124585835728794,24,75,81,386133]
[656,99.28160044203494,2.431600419804454,17,65,645,158138]
[944,126.02195894279232,4.786772548686713,9,177,312,276011]
[758,92.93549528234186,2.0427314389962703,5,171,952,198302]
[964,11.99517609235974,3.025008641416207,9,15,192,378079]
[734,120.93173417124885,4.810761584667489,25,1,388,166111]
[346,111.31783467538435,1.8209708470385522,29,9,157,33534]
[269,75.02549597394676,2.059135640738532,15,116,663,276424]
[530,47.616015124826646,2.225578729994595,8,69,863,248417]
[88,200.21774161435644,0.40639171143993735,29,161,179,229737]
[91,84.36790814958673,4.480786462081596,17,45,248,199915]
[415,203.83214811468903,0.8403758821077645,3,39,677,89125]
[786,213.21830987087472,2.983081464190036,14,37,445,153618]
[617,76.32379564846235,1.690828922437504,25,67,374,42505]
[940,93.61953663847802,1.705351882847026,17,15,72,127365]
[465,194.12037767821954,3.136547808535397,16,7,82,120429]
[43,120.68032708683765,1.5751579077914357,27,63,532,249969]
[380,0.560240668869292,4.463873909553513,1,158,117,389685]
[638,55.634662180972526,3.4504837240092456,7,63,689,146247]
[864,203.1323177457375,1.9456620723940432,18,136,815,269426]
[530,47.35148016224502,1.4210186002310365,28,132,785,191955]
[856,98.87165147011962,1.2532687978819013,11,41,174,167009]
[1000,203.1527522073545,3.1618814228568226,20,11,98,162140]
[238,71.9365178495854,3.3516975538805127,2,172,149,118359]
[371,142.33032664727645,0.961796942865476,14,193,577,112661]
[449,155.3601793062233,3.48029293701984,19,195,383,379521]
[111,88.17280731656047,2.4020936130546033,21,27,131,175407]
[86,121.6914270638807,0.6336631532758474,26,81,331,9376]
[882,70.99695361877977,0.902071442687884,20,128,308,125037]
[113,34.36773490993994,2.98890964477323,14,123,128,142135]
[679,63.33732821167418,0.7547709962818772,4,66,580,187940]
[129,144.3548227129013,0.7502405461855233,19,113,414,42052]
[943,21.49416239341715,3.7938778719399124,2,148,719,182981]
[355,73.65411200794037,3.9587359654251486,6,7,778,269455]
[406,98.97493781460322,0.7765451376326382,24,157,498,239]
[457,183.59124540585555,0.5450511618983,22,178,590,394736]
[27,203.5132363231727,4.8708814405836165,18,86,222,252553]
[773,73.50615492034704,2.94645962305367,9,146,178,59476]
[143,124.08723315603325,1.838631333084777,7,172,39,53790]
[513,3.3261978799121508,1.291210848139599,18,111,876,21422]
[103,140.92540765768166,3.0609257298056036,9,48,294,31405]
[750,78.96329672051445,0.21287981187924743,8,144,406,215690]
[62,48.42080778601566,3.270375053398311,22,175,471,333627]
[472,44.88136338753153,2.038305897731334,4,64,268,239705]
[187,119.77681062766692,1.100323685677722,26,4,982,10756]
[70,140.13696460463444,4.2157345288433135,23,195,936,312033]
[51,64.53704818089349,3.102197521366179,15,69,347,288910]
[912,111.28306903416772,2.752754291286692,27,10,725,3112]
[749,20.34176390344044,0.9620296664070338,26,175,807,110049]
[143,192.05900213172055,0.8383179805241525,12,170,282,81034]
[104,194.29705596284103,3.2097007369156927,29,34,301,101939]
[567,186.7688074175498,4.012563517317176,2,104,81,300992]
[806,19.94486360985963,3.575420770794153,12,54,419,117093]
[934,178.42853894200525,4.981987215578556,24,0,493,178759]
[666,21.723294812417596,1.9418714952189475,24,181,855,386198]
[552,100.1322937992044,1.2836820620577782,27,70,180,60724]
[796,89.28297538182777,1.7160237464122474,26,124,908,364769]
[446,38.61999820093746,4.633284707088023,21,182,201,16396]
[498,192.57516451126722,2.025208412669599,13,153,561,16047]
[280,132.23493762582174,3.531191758811474,25,159,183,193658]
[818,119.51421879479923,2.22089140326716,18,170,527,94733]
[243,188.15885768473453,1.5821351343765855,21,23,776,262119]
[820,134.56916238278754,3.6383432056754827,27,96,874,204619]
[621,119.32720723567179,3.3592199708800763,17,9,317,52682]
[590,109.5656903190714,0.8410667825955898,13,155,106,270581]
[53,87.56733527065482,2.3148098529782146,6,92,344,222442]
[934,154.1003381148376,4.170607439009473,19,0,2,213620]
[208,221.64412762480504,3.556318267947063,14,188,295,282505]
[733,68.62427845500721,3.7801964313257486,15,85,352,11596]
[428,86.73489755127923,4.306913021719083,26,88,111,40571]
[656,172.09676383924906,2.627940778620541,16,158,264,23942]
[887,41.340720212690385,4.471453161677346,9,119,88,118684]
[957,120.8756238807788,3.7493571045342833,14,137,895,200208]
[860,186.94896902809649,0.4705380368977785,11,85,971,144869]
[572,68.13080983861104,3.1491373281460255,2,155,167,384599]
[565,148.1889159225068,4.877412938512862,20,184,988,330177]
[473,17.83266196061605,4.596227490110323,5,40,439,297297]
[356,100.64443443798432,2.86320777493529,9,96,711,319414]
[838,27.608527530540943,3.2216656277887523,1,143,326,3869]
[56,95.15306502077671,0.4888079722877592,23,77,780,385317]
[234,104.23384697633418,1.2036366772372276,7,49,152,168556]
[722,149.74314141902548,3.012357240077108,5,176,782,229167]
[455,200.8742957386871,4.573175308760256,2,102,510,103051]
[879,66.76618356422395,1.7883333039935678,20,169,249,308267]
[141,24.431283461570526,3.2346812973264605,17,197,13,84362]
[900,154.04467633654616,4.904840356903151,17,105,87,27755]
[780,113.31495031846724,0.014780296478420496,9,26,13,199587]
[730,166.30316961767565,4.512110729701817,27,153,258,350146]
[72,28.324187477533183,0.7891292334534228,21,86,965,225868]
[680,137.075833574597,2.627837681211531,16,107,26,79199]
[286,51.34770133538195,3.1874057685490698,26,173,618,253737]
[810,169.97533910984527,0.1336333656217903,12,22,20,177888]
[186,40.94902337470898,0.17784332856535912,10,139,912,107278]
[854,96.62059825605287,2.734404975781217,1,161,105,247433]
[290,18.827858368044513,4.605357019463554,21,109,947,115643]
[51,99.90267143863302,3.933488493785262,13,84,925,120150]
[843,168.50624052593537,1.245621443958953,7,87,80,101288]
[889,137.04060421433948,2.434316653525457,21,49,3,336278]
[323,23.574649888126636,2.0862387015949935,6,82,861,73961]
[843,6.798367652748143,4.282587136840448,16,123,141,162589]
[612,54.84046609295552,4.2065839597489685,20,118,108,168074]
[995,49.10794432704813,3.6625914508476853,27,70,28,363237]
[432,19.297175201083785,3.275845170719549,24,171,983,370670]
[31,96.99786771242267,0.5575305502861738,13,6,235,48353]
[741,113.76921914727787,4.852904527215287,25,150,58,57804]
[381,109.06193518567349,1.5225757926236838,25,58,791,159823]
[850,1.216716926801387,1.0552843986079097,4,18,615,241387]
[839,2.1166543473899084,0.6574103864841163,24,178,202,190202]
[136,88.09880317711533,3.5555430746171623,11,170,647,360908]
[865,109.89630255226369,1.4442186639644206,16,146,417,92259]
[584,0.9174785272513448,4.76254848530516,13,187,944,81671]
[352,84.2149764570708,1.5046401601284742,16,55,46,176323]
[373,25.666242240481626,4.015302411280572,13,156,555,333925]
[918,83.1124744517323,2.4250867415685207,3,44,314,364413]
[801,83.55825465877416,2.855485922191292,2,130,206,79045]
[510,9.714397967133122,3.171413380187005,22,147,220,119721]
[179,76.14072124691776,1.9551163318101317,22,135,131,248433]
[275,176.04257283568072,3.5218585282564163,26,29,731,265054]
[478,217.81039064373013,0.3283095534425229,7,162,857,160576]
[2,177.65596805361506,4.279362851521,21,11,887,95266]
[225,154.28094103141814,2.691209279000759,1,145,49,137764]
[466,141.34788767164358,1.0876546357758343,18,16,62,309478]
[984,54.71216413761287,4.1289092937950045,8,8,82,78510]
[692,5.112040065584522,3.121406201971695,10,51,67,98173]
[508,142.2271706224482,4.522799957776442,2,37,408,37659]
[832,104.36183847511462,3.5398267139680684,19,151,133,233506]
[253,107.54529000172724,2.1670347766485065,27,16,996,128865]
[653,64.23446440682378,1.8065481178928167,25,18,167,384984]
[922,38.635758360172986,3.0975534103345126,10,127,283,160470]
[540,50.96588784163502,4.107851136941463,14,146,983,354880]
[579,13.121913660285466,2.292535570450127,29,29,342,358137]
[12,40.33329596614561,0.0028240412939339876,24,81,456,378173]
[94,29.443350322236398,3.175095746992156,14,99,502,58761]
[288,131.27172924308292,2.064916609087959,19,7,393,200623]
[633,69.69253736371911,2.055562190944329,18,173,83,75917]
[166,171.95638254021108,3.479838806670159,1,138,146,170024]
[803,93.44876744032564,2.1732653817161918,13,85,869,384526]
[691,161.54119970768724,0.742029839893803,2,24,762,908]
[912,82.66784561313135,1.7874862719327211,20,24,261,164849]
[737,30.663935243153013,4.910342145012692,6,155,59,60672]
[168,14.599971133176018,2.128945952281356,25,38,151,52759]
[318,128.3293321722169,1.9162084080744535,10,116,772,205661]
[630,23.93722240279492,1.7936999665107578,13,87,807,329566]
[659,124.26654609951385,2.975196944316849,12,160,831,142951]
[987,192.26153590819334,2.823806896340102,28,74,634,289497]
[345,1.8025469427219267,0.18401819397695363,13,176,427,20191]
[655,92.7280460149891,4.891715184785426,7,148,458,354662]
[848,160.3961265748968,4.9279526609461755,27,123,825,132450]
[398,206.30104375892085,1.517189828446135,1,83,32,201666]
[167,207.77180354561082,2.4866762303281575,17,153,829,322751]
[164,146.32716874327863,1.2191154202446342,27,69,284,311915]
[417,117.18814653955391,4.074811236932874,8,159,757,328068]
[256,151.23465529074653,2.6643155072815716,14,76,893,10373]
[832,88.19474888513692,1.749059724388644,16,129,50,322463]
[245,166.2388150949034,2.3622876626905054,29,43,350,232637]
[809,152.42190122479542,3.929263324243948,6,93,251,328324]
[150,161.98191690056169,0.17570374184288085,13,167,926,180665]
[189,2.7106795606201675,1.9307879800908267,13,171,556,148369]
[628,169.1006838637214,2.287792442366481,2,183,232,271276]
[669,147.30364013606217,0.06903488421812654,25,75,920,248719]
[831,25.384526507188763,2.1498225547838956,28,11,106,362828]
[246,106.10579488335257,0.47536113881506026,22,54,715,112364]
[70,213.25243942963604,4.601892650825903,2,116,39,372673]
[879,70.29335822292744,0.750956708798185,8,157,608,73524]
[520,72.56192495522625,0.3819512261543423,3,164,631,257479]
[31,118.12595945035343,4.194145676447079,16,114,262,29206]
[923,122.22930906615038,4.017179594375193,5,49,510,81249]
[156,99.78082992993475,4.634191492805257,17,10,369,118261]
[853,101.79525400476305,1.6526284499559551,9,89,582,14632]
[415,202.21559807778183,2.795526983682066,10,68,392,182524]
[721,154.45303577260069,4.428796471329406,23,143,570,378299]
[775,139.2683014300606,0.9679054922889918,19,5,751,231263]
[95,182.89071455334746,2.7174359187483788,2,185,888,84191]
[198,131.6813657642583,2.981453106040135,29,98,273,209653]
[428,75.35349457612345,1.6744070313870907,20,50,706,386006]
[691,169.8213104639249,0.47089934116229415,10,149,966,111672]
[846,199.40194328057262,2.5099217728711665,29,26,294,397497]
[618,187.29840738574148,0.052726680878549814,13,34,477,347957]
[760,41.102182347097255,4.089612294919789,3,150,853,353590]
[512,39.054269425738354,2.314020482590422,7,120,44,375187]
[878,212.77404370775344,0.44092955300584435,19,137,868,30287]
[523,8.286862942637395,3.561117295175791,1,199,70,364874]
[110,15.561265235517284,3.2010069803800434,6,172,597,38226]
[214,76.37343785872078,1.2293024035170674,12,92,884,307347]
[401,44.595427127898056,0.1613832823932171,8,81,349,92248]
[207,17.55750650972243,1.4510162023361772,3,85,600,116811]
[922,194.33201277254875,1.8031057412736118,17,145,36,7320]
[811,180.17930245974426,4.026748880278319,4,193,461,368081]
[149,222.96556748241503,0.8275075606070459,1,32,994,137476]
[492,126.58402754690587,3.8983710983302444,23,179,556,141421]
[78,95.66098632343918,4.6931166388094425,26,95,713,275763]
[851,153.1476714424585,3.1187869573477656,6,177,828,395786]
[392,196.55667325486107,0.5727953999303281,27,139,304,200863]
[294,44.8938335071066,1.8085055064875633,27,25,472,388677]
[241,56.77004838974649,1.4819283736869693,7,125,342,87779]
[476,65.549412096747,2.6366791559848934,9,177,977,210929]
[118,67.47300839156527,0.4139215126633644,13,174,196,281811]
[938,122.93179298397219,1.2046681938227266,1,183,506,263776]
[147,80.15797320361213,2.718070261180401,21,9,858,22881]
[670,176.6718257754495,0.5775014380924404,11,142,995,50830]
[744,102.57713921677308,1.93596146767959,2,103,263,279237]
[198,133.40438028952536,0.4203042609151453,17,2,569,355314]
[488,6.197785552329754,4.802880759816617,14,145,593,81055]
[784,29.69225774427237,2.35612433985807,25,178,609,188374]
[418,132.57615921951736,3.0135133338626474,16,191,580,315437]
[570,150.50831748356563,0.40808715275488794,21,32,777,109838]
[657,111.89421206075343,2.5058947398792952,4,105,223,354061]
[736,53.550468296407196,2.1713771671056747,17,22,348,216365]
[668,16.311256544435736,0.9770561673212796,12,100,831,287763]
[872,2.208411926098797,1.0066469688899815,28,188,838,121230]
[203,69.4333073706713,3.4778592083603144,1,125,510,240124]
[383,104.15922700451,1.041391552425921,11,134,493,101154]
[780,81.10101538898002,2.8894170722924173,13,117,939,120235]
[448,144.9045122673096,3.003195074852556,4,138,79,213655]
[373,116.89845371642258,3.0034887115471065,7,45,877,204261]
[47,77.44686268255666,4.251774885924533,23,10,749,285185]
[749,22.423430112888457,0.3145986283197999,14,22,554,332889]
[593,203.28873859617482,2.9789718380197883,2,137,765,297965]
[371,68.72915299071461,4.45489690406248,23,172,253,288156]
[540,47.305984468046326,3.901105587137863,12,174,653,228567]
[273,49.58679397000694,1.6693859815131873,18,20,691,223688]
[964,147.09207146682897,4.632526433560997,19,37,115,329170]
[178,154.79283387040982,3.8766725780442357,2,121,13,300858]
[881,115.35289767029622,1.8706035485956818,16,11,720,76387]
[991,155.88658632866787,0.153029621578753,19,38,260,399835]
[229,103.65242171574026,0.7790995994582772,13,22,402,220542]
[705,47.46308923838145,0.042501812567934394,26,58,690,296469]
[606,29.645235360363916,2.9333164857234806,13,171,174,50105]
[631,25.31870064246049,1.1654669046401978,24,77,272,307149]
[326,6.361620107652344,1.4622896281071007,27,141,363,305036]
[571,102.80034616636043,1.9962022127583623,9,77,1,66950]
[464,163.7681299723176,2.492547850124538,1,61,445,332188]
[516,99.87203226082403,3.3181990939192474,13,97,703,54469]
[854,104.60504566003934,4.204476848244667,26,160,504,330372]
[770,106.75269844520126,4.5467505673877895,14,18,253,396968]
[900,62.53008815154306,4.672799864783883,5,134,691,357948]
[862,103.3960696750448,2.436601014342159,29,119,531,194309]
[432,168.10856387381477,4.863217392703518,13,81,971,318100]
[698,126.87327678648312,1.831879144301638,1,147,282,113934]
[871,124.2571836054783,3.0450037063565105,12,175,881,48859]
[284,83.81536992545337,4.972278435016051,9,160,461,114093]
[903,94.25648752961429,3.838884453289211,26,85,682,68879]
[652,78.23325027532044,0.41574104339815676,13,172,946,205256]
[337,64.63259493110674,4.4135256262961775,18,187,993,90819]
[758,10.06854660178785,0.45131490333005786,23,102,956,56001]
[408,53.85747022616264,4.3291045690421015,23,0,70,139643]
[24,85.12518880640631,4.720050522591919,27,41,917,212957]
[291,220.73047223485628,4.970511960564181,1,78,541,218415]
[469,188.04227362733303,3.029146180488169,17,148,437,238707]
[797,103.84178730767603,2.0425306807737797,4,47,862,140785]
[490,165.6104576494469,2.1693864453118294,8,187,435,48923]
[912,135.3726304553995,2.066555357305333,12,98,353,285883]
[278,138.0014571178172,4.566557804355398,7,48,779,117219]
[868,110.85723168102953,2.0952360332012177,8,175,866,178067]
[511,27.13575954149687,4.076013080775738,12,69,353,296823]
[225,109.62468102079697,4.417999647557735,15,89,406,62803]
[973,188.75994396979658,0.060202962486073375,4,46,866,154342]
[494,207.6623990249487,0.46260329778306186,4,123,85,291172]
[443,169.52881357824276,3.6833693797234446,11,6,634,42315]
[793,16.39322616157074,4.719135980121791,6,46,861,267967]
[387,103.21938143579753,4.593815937405452,29,141,66,309672]
[880,91.34315863665637,1.6477771627251059,18,147,216,208843]
[826,203.95357234787485,2.8388411388732493,10,103,576,357371]
[55,189.19659452004836,2.994748855708167,25,58,522,55227]
[82,106.14284858201772,4.9332112551201135,14,107,535,269600]
[870,25.54716461052619,4.0768773190211505,20,10,102,197319]
[661,28.79088066538953,2.471422660164535,18,148,267,374383]
[281,0.8428934206235917,1.7552372708451003,6,99,683,373915]
[357,108.10115395266563,3.020404460839927,25,84,531,47865]
[277,190.40661859846685,2.2626947588287294,6,18,785,382538]
[112,5.556516220933921,2.388086540158838,1,59,209,126876]
[612,144.15027723773358,3.041813130257651,16,61,490,125415]
[893,118.19127685180057,2.6580938475672156,9,133,301,211365]
[714,163.5864238819776,0.23231277125887573,9,122,402,230676]
[272,83.24981533233631,0.8560720819514245,26,102,534,71947]
[25,200.96544851903164,3.239592572208494,23,196,765,310704]
[512,187.96439561827899,1.2805733911227435,14,24,514,149452]
[475,55.4834352205271,1.8921762390527874,8,190,181,371719]
[260,111.89812448880637,2.4402627639938146,9,47,406,227553]
[716,153.5877452261223,4.797587732318789,22,25,877,165386]
[857,113.70826087579094,0.446012468310073,15,186,87,234257]
[231,117.49674573240868,4.964035450248048,18,129,721,326790]
[313,139.54865769491656,2.0287396921776235,8,58,957,264947]
[277,62.67051209982157,1.7609231371898204,22,90,432,62345]
[568,81.41859556565858,1.4921618066728115,2,142,723,106094]
[473,184.42612107089653,2.892869772622362,27,183,777,358578]
[445,70.39772657879881,3.033721299143508,17,27,409,388974]
[371,86.46958917151377,4.512778774369508,7,83,324,142474]
[32,137.46753645144858,0.4222107876557857,23,6,965,385608]
[348,123.5105200321803,3.51574809406884,29,100,875,178699]
[845,209.6040839427958,4.048736710101366,18,90,7,377925]
[212,2.351998873236453,2.9668054915964603,3,105,850,228858]
[471,95.86051763278141,4.662555482937023,11,82,515,53796]
[40,68.45903457049491,0.058302092365920544,12,126,207,255952]
[541,96.03469263034606,4.28970722714439,6,61,853,152200]
[44,138.67003759054484,3.5659790213685483,8,44,720,43044]
[113,196.91603453489947,4.220048122806475,27,55,672,341283]
[110,140.8579371100985,4.34612714801915,3,126,313,129502]
[832,12.652604349795373,4.16787960450165,1,89,845,398405]
[923,86.22972439651545,3.0681227380409837,25,25,635,371424]
[409,170.37723548545063,1.0561217076610774,24,191,31,275682]
[299,105.1471646699377,1.7114217951893806,11,12,404,217783]
[55,129.82970242175668,0.10945996851660311,1,89,75,360380]
[764,111.33905756809249,1.853917627595365,27,137,916,115303]
[506,178.6228752435927,4.2934751871507615,10,26,507,134204]
[992,158.5751002622546,3.418064103461802,3,152,814,308315]
[873,208.77894474357623,4.2741696373559535,8,10,173,355383]
[338,160.99539333620592,1.3161955680698156,14,37,819,321585]
[655,233.25597160469542,3.3084786240942776,5,53,745,216521]
[527,84.73255949379255,1.6733684891369194,23,80,122,198508]
[636,3.9739610948584496,2.1007152972742915,3,80,980,55273]
[696,30.855541123784302,0.284816772909835,20,175,702,32746]
[884,118.60511071598194,4.996660193428397,29,122,36,73868]
[733,39.375967336480805,3.3165025990456343,25,124,565,310603]
[780,7.250394147875081,3.2707229058723897,5,127,620,262976]
[350,91.48344216581057,4.101007338613272,26,2,44,21470]
[800,80.26562048752893,4.459436637116596,9,107,433,139094]
[300,65.68119022342626,3.975900817895308,10,24,36,253196]
[162,101.23288360211677,1.807508934289217,17,139,622,212441]
[848,22.739992075337664,4.892943440936506,13,189,222,126567]
[142,68.89354878764522,4.376731899101287,10,76,582,83260]
[204,99.9127061770677,3.1711918103974313,13,97,959,314162]
[547,228.33554424396323,1.0049962240736932,6,102,580,100296]
[473,208.01102474196244,4.983688232023269,18,43,886,399660]
[309,226.55454083640277,4.42014024592936,20,188,471,278685]
[552,75.51784720753825,0.6702796090394258,11,109,659,302319]
[651,139.67981507901604,0.4531150055117905,16,180,832,383467]
[488,78.90420426107052,2.4592490983195603,18,59,121,309867]
[154,126.22559455034494,0.3510167368222028,5,171,336,212535]
[593,112.63051104290555,2.717811482725665,8,22,633,154219]
[700,139.90756274306514,0.6692097382619977,12,86,667,147923]
[938,120.57855864467761,1.351706200512126,16,176,245,372351]
[280,110.49247173590378,4.329395378008485,25,66,46,287297]
[555,28.23682255879783,4.957179366610944,25,148,966,196264]
[412,98.41256070545101,4.3046279600821435,3,159,77,178367]
[276,26.090774813264034,2.689991968218237,11,63,46,74497]
[406,66.64710398356063,4.715518463635817,23,39,46,93423]
[698,3.277021411057606,3.474969216622412,6,80,661,272511]
[435,176.43780412003446,4.682152172317728,24,5,351,110140]
[182,185.24020123791763,3.3295856486074626,29,64,580,243068]
[171,79.6317809182137,2.3751849366817623,29,50,470,369364]
[182,87.76075866863144,3.1405550986528397,12,117,419,78541]
[922,108.3939723608016,1.5245081391185522,15,96,340,110934]
